-0.5       
  -0.5       
  -0.5       
  -0.5       
  -0.5       
  -0.5       
  -0.5       
  -0.5       
  -0.5       
  -0.5       
  -0.5       
  -0.5       
  -0.5       
  -0.5       
  -0.5       
  -0.5       
  -0.5       
  -0.5       
  -0.5       
  -0.5       
  -0.5       
  -0.5       
  -0.5       
  -0.5       
  -0.5       
  -0.5       
  -0.5       
  -0.5       
 -0.5       
  -0.5       
  -0.5       
  -0.5       
  -0.5       
  -0.5       
  -0.5       
  -0.5       
  -0.5       
  -0.5       
  -0.5       
  -0.5       
  -0.5       
  -0.5       
  -0.5       
  -0.5       
  -0.5       
  -0.5       
  -0.5       
  -0.5       
  -0.5       
  -0.5       
  -0.5       
  -0.5       
  -0.5       
  -0.5       
  -0.5       
  -0.5       
 -0.5       
  -0.5       
  -0.5       
  -0.5       
  -0.5       
  -0.5       
  -0.5       
  -0.5       
  -0.5       
  -0.5       
  -0.5       
  -0.5       
  -0.5       
  -0.5       
  -0.5       
  -0.5       
  -0.5       
  -0.5       
  -0.5       
  -0.5       
  -0.5       
  -0.5       
  -0.5       
  -0.5       
  -0.5       
  -0.5       
  -0.5       
  -0.5       
 -0.5       
  -0.5       
  -0.5       
  -0.5       
  -0.5       
  -0.5       
  -0.5       
  -0.5       
  -0.5       
  -0.5       
  -0.5       
  -0.5       
  -0.5       
  -0.5       
  -0.5       
  -0.5       
  -0.5       
  -0.5       
  -0.5       
  -0.5       
  -0.5       
  -0.5       
  -0.5       
  -0.5       
  -0.5       
  -0.5       
  -0.5       
  -0.5       
 -0.5       
  -0.5       
  -0.5       
  -0.5       
  -0.5       
  -0.5       
  -0.5       
  -0.5       
  -0.5       
  -0.5       
  -0.5       
  -0.5       
  -0.5       
  -0.5       
  -0.5       
  -0.5       
  -0.5       
  -0.5       
  -0.5       
  -0.5       
  -0.5       
  -0.5       
  -0.5       
  -0.5       
  -0.5       
  -0.5       
  -0.5       
  -0.5       
 -0.5       
  -0.5       
  -0.5       
  -0.5       
  -0.5       
  -0.5       
  -0.5       
  -0.5       
  -0.5       
  -0.5       
  -0.5       
  -0.5       
  -0.5       
  -0.5       
  -0.5       
  -0.5       
  -0.5       
  -0.5       
  -0.5       
  -0.5       
  -0.5       
  -0.5       
  -0.5       
  -0.5       
  -0.5       
  -0.5       
  -0.5       
  -0.5       
 -0.5       
  -0.5       
  -0.5       
  -0.5       
  -0.5       
  -0.5       
  -0.5       
  -0.5       
  -0.5       
  -0.5       
  -0.42156863
   0.00980392
  -0.08431373
  -0.5       
  -0.49215686
   0.0254902 
   0.5       
   0.33529413
  -0.41764706
  -0.5       
  -0.5       
  -0.5       
  -0.5       
  -0.5       
  -0.5       
  -0.5       
  -0.5       
  -0.5       
 -0.5       
  -0.5       
  -0.5       
  -0.5       
  -0.5       
  -0.5       
  -0.5       
  -0.5       
  -0.5       
  -0.5       
  -0.42941177
   0.31176472
   0.39411765
  -0.35882354
  -0.38627452
   0.36274511
   0.49215686
   0.17450981
  -0.5       
  -0.5       
  -0.5       
  -0.5       
  -0.5       
  -0.5       
  -0.5       
  -0.5       
  -0.5       
  -0.5       
 -0.5       
  -0.5       
  -0.5       
  -0.5       
  -0.5       
  -0.5       
  -0.5       
  -0.5       
  -0.5       
  -0.5       
  -0.4137255 
   0.34705883
   0.26078433
  -0.5       
  -0.5       
   0.25294119
   0.49215686
  -0.09607843
  -0.5       
  -0.5       
  -0.5       
  -0.5       
  -0.5       
  -0.5       
  -0.5       
  -0.5       
  -0.5       
  -0.5       
 -0.5       
  -0.5       
  -0.5       
  -0.5       
  -0.5       
  -0.5       
  -0.5       
  -0.5       
  -0.5       
  -0.5       
  -0.06470589
   0.49215686
  -0.18627451
  -0.5       
  -0.35490197
   0.39411765
   0.49215686
  -0.30784315
  -0.5       
  -0.5       
  -0.5       
  -0.5       
  -0.5       
  -0.5       
  -0.5       
  -0.5       
  -0.5       
  -0.5       
 -0.5       
  -0.5       
  -0.5       
  -0.5       
  -0.5       
  -0.5       
  -0.5       
  -0.5       
  -0.5       
  -0.5       
   0.13137256
   0.47254902
  -0.2254902 
  -0.5       
  -0.25294119
   0.49215686
   0.49215686
  -0.30784315
  -0.5       
  -0.5       
  -0.5       
  -0.5       
  -0.5       
  -0.5       
  -0.5       
  -0.5       
  -0.5       
  -0.5       
 -0.5       
  -0.5       
  -0.5       
  -0.5       
  -0.5       
  -0.5       
  -0.5       
  -0.5       
  -0.5       
  -0.42156863
   0.36274511
   0.32352942
  -0.5       
  -0.5       
  -0.25294119
   0.49215686
   0.49215686
  -0.30784315
  -0.5       
  -0.5       
  -0.5       
  -0.5       
  -0.5       
  -0.5       
  -0.5       
  -0.5       
  -0.5       
  -0.5       
 -0.5       
  -0.5       
  -0.5       
  -0.5       
  -0.5       
  -0.5       
  -0.5       
  -0.5       
  -0.5       
  -0.29215688
   0.49215686
   0.32352942
  -0.5       
  -0.5       
  -0.25294119
   0.49215686
   0.30000001
  -0.43333334
  -0.5       
  -0.5       
  -0.5       
  -0.5       
  -0.5       
  -0.5       
  -0.5       
  -0.5       
  -0.5       
  -0.5       
 -0.5       
  -0.5       
  -0.5       
  -0.5       
  -0.5       
  -0.5       
  -0.5       
  -0.5       
  -0.48039216
   0.18235295
   0.49215686
  -0.00980392
  -0.5       
  -0.5       
  -0.25294119
   0.49215686
   0.20196079
  -0.5       
  -0.5       
  -0.5       
  -0.40196079
  -0.5       
  -0.5       
  -0.5       
  -0.5       
  -0.5       
  -0.5       
  -0.5       
 -0.5       
  -0.5       
  -0.5       
  -0.5       
  -0.5       
  -0.5       
  -0.5       
  -0.5       
  -0.40196079
   0.49215686
   0.39019608
  -0.40196079
  -0.5       
  -0.5       
   0.0882353 
   0.49215686
   0.40980393
   0.20588236
   0.20588236
   0.20588236
   0.34705883
  -0.32352942
  -0.5       
  -0.5       
  -0.5       
  -0.5       
  -0.5       
  -0.5       
 -0.5       
  -0.5       
  -0.5       
  -0.5       
  -0.5       
  -0.5       
  -0.5       
  -0.5       
  -0.28039217
   0.49215686
   0.45294118
   0.22941177
  -0.00588235
   0.22941177
   0.42156863
   0.49215686
   0.49215686
   0.49215686
   0.49215686
   0.49215686
   0.49215686
  -0.2764706 
  -0.5       
  -0.5       
  -0.5       
  -0.5       
  -0.5       
  -0.5       
 -0.5       
  -0.5       
  -0.5       
  -0.5       
  -0.5       
  -0.5       
  -0.5       
  -0.5       
  -0.28431374
   0.49215686
   0.49215686
   0.49215686
   0.49215686
   0.49215686
   0.49215686
   0.49215686
   0.4137255 
   0.35490197
   0.2254902 
   0.2254902 
   0.03333334
  -0.47647059
  -0.5       
  -0.5       
  -0.5       
  -0.5       
  -0.5       
  -0.5       
 -0.5       
  -0.5       
  -0.5       
  -0.5       
  -0.5       
  -0.5       
  -0.5       
  -0.5       
  -0.42941177
   0.2372549 
   0.49215686
   0.49215686
   0.29215688
   0.40980393
   0.49215686
   0.4137255 
  -0.24117647
  -0.39411765
  -0.5       
  -0.5       
  -0.5       
  -0.5       
  -0.5       
  -0.5       
  -0.5       
  -0.5       
  -0.5       
  -0.5       
 -0.5       
  -0.5       
  -0.5       
  -0.5       
  -0.5       
  -0.5       
  -0.5       
  -0.5       
  -0.5       
  -0.47647059
  -0.30784315
  -0.06862745
  -0.43725491
   0.20588236
   0.49215686
   0.06862745
  -0.5       
  -0.5       
  -0.5       
  -0.5       
  -0.5       
  -0.5       
  -0.5       
  -0.5       
  -0.5       
  -0.5       
  -0.5       
  -0.5       
 -0.5       
  -0.5       
  -0.5       
  -0.5       
  -0.5       
  -0.5       
  -0.5       
  -0.5       
  -0.5       
  -0.5       
  -0.5       
  -0.5       
  -0.5       
   0.20588236
   0.49215686
  -0.26078433
  -0.5       
  -0.5       
  -0.5       
  -0.5       
  -0.5       
  -0.5       
  -0.5       
  -0.5       
  -0.5       
  -0.5       
  -0.5       
  -0.5       
 -0.5       
  -0.5       
  -0.5       
  -0.5       
  -0.5       
  -0.5       
  -0.5       
  -0.5       
  -0.5       
  -0.5       
  -0.5       
  -0.5       
  -0.5       
   0.20588236
   0.40196079
  -0.34705883
  -0.5       
  -0.5       
  -0.5       
  -0.5       
  -0.5       
  -0.5       
  -0.5       
  -0.5       
  -0.5       
  -0.5       
  -0.5       
  -0.5       
 -0.5       
  -0.5       
  -0.5       
  -0.5       
  -0.5       
  -0.5       
  -0.5       
  -0.5       
  -0.5       
  -0.5       
  -0.5       
  -0.5       
  -0.32745099
   0.46078432
   0.24901961
  -0.5       
  -0.5       
  -0.5       
  -0.5       
  -0.5       
  -0.5       
  -0.5       
  -0.5       
  -0.5       
  -0.5       
  -0.5       
  -0.5       
  -0.5       
 -0.5       
  -0.5       
  -0.5       
  -0.5       
  -0.5       
  -0.5       
  -0.5       
  -0.5       
  -0.5       
  -0.5       
  -0.5       
  -0.5       
   0.13529412
   0.49215686
   0.04509804
  -0.5       
  -0.5       
  -0.5       
  -0.5       
  -0.5       
  -0.5       
  -0.5       
  -0.5       
  -0.5       
  -0.5       
  -0.5       
  -0.5       
  -0.5       
 -0.5       
  -0.5       
  -0.5       
  -0.5       
  -0.5       
  -0.5       
  -0.5       
  -0.5       
  -0.5       
  -0.5       
  -0.5       
  -0.5       
   0.18235295
   0.39803922
  -0.3509804 
  -0.5       
  -0.5       
  -0.5       
  -0.5       
  -0.5       
  -0.5       
  -0.5       
  -0.5       
  -0.5       
  -0.5       
  -0.5       
  -0.5       
  -0.5       
 -0.5       
  -0.5       
  -0.5       
  -0.5       
  -0.5       
  -0.5       
  -0.5       
  -0.5       
  -0.5       
  -0.5       
  -0.5       
  -0.5       
   0.18235295
   0.27254903
  -0.5       
  -0.5       
  -0.5       
  -0.5       
  -0.5       
  -0.5       
  -0.5       
  -0.5       
  -0.5       
  -0.5       
  -0.5       
  -0.5       
  -0.5       
  -0.5       
 -0.5       
  -0.5       
  -0.5       
  -0.5       
  -0.5       
  -0.5       
  -0.5       
  -0.5       
  -0.5       
  -0.5       
  -0.5       
  -0.5       
  -0.39019608
   0.13137256
  -0.5       
  -0.5       
  -0.5       
  -0.5       
  -0.5       
  -0.5       
  -0.5       
  -0.5       
  -0.5       
  -0.5       
  -0.5       
  -0.5       
  -0.5       
  -0.5       
 -0.5       
  -0.5       
  -0.5       
  -0.5       
  -0.5       
  -0.5       
  -0.5       
  -0.5       
  -0.5       
  -0.5       
  -0.5       
  -0.5       
  -0.5       
  -0.5       
  -0.5       
  -0.5       
  -0.5       
  -0.5       
  -0.5       
  -0.5       
  -0.5       
  -0.5       
  -0.5       
  -0.5       
  -0.5       
  -0.5       
  -0.5       
  -0.5       
 -0.5       
  -0.5       
  -0.5       
  -0.5       
  -0.5       
  -0.5       
  -0.5       
  -0.5       
  -0.5       
  -0.5       
  -0.5       
  -0.5       
  -0.5       
  -0.5       
  -0.5       
  -0.5       
  -0.5       
  -0.5       
  -0.5       
  -0.5       
  -0.5       
  -0.5       
  -0.5       
  -0.5       
  -0.5       
  -0.5       
  -0.5       
  -0.5       
