-0.5       
  -0.5       
  -0.5       
  -0.5       
  -0.5       
  -0.5       
  -0.5       
  -0.5       
  -0.5       
  -0.5       
  -0.5       
  -0.5       
  -0.5       
  -0.5       
  -0.5       
  -0.5       
  -0.5       
  -0.5       
  -0.5       
  -0.5       
  -0.5       
  -0.5       
  -0.5       
  -0.5       
  -0.5       
  -0.5       
  -0.5       
  -0.5       
 -0.5       
  -0.5       
  -0.5       
  -0.5       
  -0.5       
  -0.5       
  -0.5       
  -0.5       
  -0.5       
  -0.5       
  -0.5       
  -0.5       
  -0.5       
  -0.5       
  -0.5       
  -0.5       
  -0.5       
  -0.5       
  -0.5       
  -0.5       
  -0.5       
  -0.5       
  -0.5       
  -0.5       
  -0.5       
  -0.5       
  -0.5       
  -0.5       
 -0.5       
  -0.5       
  -0.5       
  -0.5       
  -0.5       
  -0.5       
  -0.5       
  -0.5       
  -0.5       
  -0.5       
  -0.5       
  -0.5       
  -0.5       
  -0.5       
  -0.5       
  -0.5       
  -0.5       
  -0.5       
  -0.5       
  -0.5       
  -0.5       
  -0.5       
  -0.5       
  -0.5       
  -0.5       
  -0.5       
  -0.5       
  -0.5       
 -0.5       
  -0.5       
  -0.5       
  -0.5       
  -0.5       
  -0.5       
  -0.5       
  -0.5       
  -0.5       
  -0.5       
  -0.5       
  -0.5       
  -0.5       
  -0.5       
  -0.5       
  -0.5       
  -0.5       
  -0.5       
  -0.5       
  -0.5       
  -0.5       
  -0.5       
  -0.5       
  -0.5       
  -0.5       
  -0.5       
  -0.5       
  -0.5       
 -0.5       
  -0.5       
  -0.5       
  -0.5       
  -0.5       
  -0.5       
  -0.5       
  -0.5       
  -0.5       
  -0.5       
  -0.5       
  -0.5       
  -0.5       
  -0.5       
  -0.5       
  -0.5       
  -0.5       
  -0.5       
  -0.5       
  -0.5       
  -0.5       
  -0.5       
  -0.5       
  -0.5       
  -0.5       
  -0.5       
  -0.5       
  -0.5       
 -0.5       
  -0.5       
  -0.5       
  -0.5       
  -0.5       
  -0.5       
  -0.5       
  -0.5       
  -0.5       
  -0.5       
  -0.5       
  -0.5       
  -0.5       
  -0.31568629
   0.4137255 
   0.49215686
   0.16666667
   0.25294119
  -0.31568629
  -0.13137256
  -0.5       
  -0.5       
  -0.5       
  -0.5       
  -0.5       
  -0.5       
  -0.5       
  -0.5       
 -0.5       
  -0.5       
  -0.5       
  -0.5       
  -0.5       
  -0.5       
  -0.5       
  -0.5       
  -0.5       
  -0.5       
  -0.5       
  -0.5       
  -0.5       
   0.4137255 
   0.48823529
   0.48823529
   0.48823529
   0.49215686
   0.40980393
   0.38627452
  -0.37843138
  -0.5       
  -0.5       
  -0.5       
  -0.5       
  -0.5       
  -0.5       
  -0.5       
 -0.5       
  -0.5       
  -0.5       
  -0.5       
  -0.5       
  -0.5       
  -0.5       
  -0.5       
  -0.5       
  -0.5       
  -0.5       
  -0.39411765
  -0.02941176
   0.49215686
   0.48823529
   0.48823529
   0.40588236
   0.3509804 
   0.01764706
   0.44509804
   0.32745099
  -0.41764706
  -0.5       
  -0.5       
  -0.5       
  -0.5       
  -0.5       
  -0.5       
 -0.5       
  -0.5       
  -0.5       
  -0.5       
  -0.5       
  -0.5       
  -0.5       
  -0.5       
  -0.5       
  -0.5       
  -0.5       
   0.20980392
   0.48823529
   0.49215686
   0.48823529
   0.48823529
  -0.07647059
  -0.5       
  -0.5       
   0.20980392
   0.48823529
   0.06470589
  -0.5       
  -0.5       
  -0.5       
  -0.5       
  -0.5       
  -0.5       
 -0.5       
  -0.5       
  -0.5       
  -0.5       
  -0.5       
  -0.5       
  -0.5       
  -0.5       
  -0.5       
  -0.5       
  -0.37450981
   0.32745099
   0.48823529
   0.49215686
   0.36274511
   0.06078431
  -0.25686276
  -0.5       
  -0.5       
  -0.35490197
   0.48823529
   0.06470589
  -0.5       
  -0.5       
  -0.5       
  -0.5       
  -0.5       
  -0.5       
 -0.5       
  -0.5       
  -0.5       
  -0.5       
  -0.5       
  -0.5       
  -0.5       
  -0.5       
  -0.5       
  -0.37450981
   0.31176472
   0.48823529
   0.48823529
   0.37058824
  -0.32352942
  -0.5       
  -0.5       
  -0.5       
  -0.5       
  -0.35490197
   0.48823529
   0.06470589
  -0.5       
  -0.5       
  -0.5       
  -0.5       
  -0.5       
  -0.5       
 -0.5       
  -0.5       
  -0.5       
  -0.5       
  -0.5       
  -0.5       
  -0.5       
  -0.5       
  -0.5       
  -0.07254902
   0.48823529
   0.48823529
   0.48823529
  -0.3392157 
  -0.5       
  -0.5       
  -0.5       
  -0.5       
  -0.5       
  -0.35490197
   0.48823529
   0.06470589
  -0.5       
  -0.5       
  -0.5       
  -0.5       
  -0.5       
  -0.5       
 -0.5       
  -0.5       
  -0.5       
  -0.5       
  -0.5       
  -0.5       
  -0.5       
  -0.5       
  -0.5       
  -0.07254902
   0.48823529
   0.48823529
   0.15882353
  -0.5       
  -0.5       
  -0.5       
  -0.5       
  -0.5       
  -0.5       
  -0.35490197
   0.48823529
   0.06470589
  -0.5       
  -0.5       
  -0.5       
  -0.5       
  -0.5       
  -0.5       
 -0.5       
  -0.5       
  -0.5       
  -0.5       
  -0.5       
  -0.5       
  -0.5       
  -0.5       
  -0.49607843
   0.17058824
   0.49215686
   0.3509804 
  -0.5       
  -0.5       
  -0.5       
  -0.5       
  -0.5       
  -0.5       
  -0.5       
  -0.35490197
   0.49215686
   0.06862745
  -0.5       
  -0.5       
  -0.5       
  -0.5       
  -0.5       
  -0.5       
 -0.5       
  -0.5       
  -0.5       
  -0.5       
  -0.5       
  -0.5       
  -0.5       
  -0.5       
  -0.00980392
   0.48823529
   0.48823529
  -0.14313726
  -0.5       
  -0.5       
  -0.5       
  -0.5       
  -0.5       
  -0.5       
  -0.5       
  -0.19411765
   0.48823529
   0.06470589
  -0.5       
  -0.5       
  -0.5       
  -0.5       
  -0.5       
  -0.5       
 -0.5       
  -0.5       
  -0.5       
  -0.5       
  -0.5       
  -0.5       
  -0.5       
  -0.39411765
   0.36666667
   0.48823529
   0.28431374
  -0.42156863
  -0.5       
  -0.5       
  -0.5       
  -0.5       
  -0.5       
  -0.5       
  -0.45686275
   0.24901961
   0.40588236
  -0.3392157 
  -0.5       
  -0.5       
  -0.5       
  -0.5       
  -0.5       
  -0.5       
 -0.5       
  -0.5       
  -0.5       
  -0.5       
  -0.5       
  -0.5       
  -0.5       
  -0.35490197
   0.48823529
   0.48823529
  -0.11960784
  -0.5       
  -0.5       
  -0.5       
  -0.5       
  -0.5       
  -0.5       
  -0.5       
   0.10784314
   0.40588236
  -0.31960785
  -0.5       
  -0.5       
  -0.5       
  -0.5       
  -0.5       
  -0.5       
  -0.5       
 -0.5       
  -0.5       
  -0.5       
  -0.5       
  -0.5       
  -0.5       
  -0.5       
  -0.35490197
   0.49215686
   0.30784315
  -0.42156863
  -0.5       
  -0.5       
  -0.5       
  -0.5       
  -0.5       
  -0.5       
   0.17058824
   0.49215686
   0.10392157
  -0.5       
  -0.5       
  -0.5       
  -0.5       
  -0.5       
  -0.5       
  -0.5       
  -0.5       
 -0.5       
  -0.5       
  -0.5       
  -0.5       
  -0.5       
  -0.5       
  -0.5       
  -0.35490197
   0.48823529
   0.06078431
  -0.5       
  -0.5       
  -0.5       
  -0.5       
  -0.5       
  -0.45686275
   0.10784314
   0.49215686
   0.08039216
  -0.46078432
  -0.5       
  -0.5       
  -0.5       
  -0.5       
  -0.5       
  -0.5       
  -0.5       
  -0.5       
 -0.5       
  -0.5       
  -0.5       
  -0.5       
  -0.5       
  -0.5       
  -0.5       
  -0.45686275
   0.18627451
   0.36666667
   0.00588235
  -0.5       
  -0.5       
  -0.5       
  -0.5       
   0.04901961
   0.48823529
   0.49215686
  -0.03333334
  -0.5       
  -0.5       
  -0.5       
  -0.5       
  -0.5       
  -0.5       
  -0.5       
  -0.5       
  -0.5       
 -0.5       
  -0.5       
  -0.5       
  -0.5       
  -0.5       
  -0.5       
  -0.5       
  -0.5       
   0.06470589
   0.48823529
   0.20196079
  -0.5       
  -0.5       
  -0.5       
  -0.33529413
   0.36666667
   0.48823529
   0.24901961
  -0.44117647
  -0.5       
  -0.5       
  -0.5       
  -0.5       
  -0.5       
  -0.5       
  -0.5       
  -0.5       
  -0.5       
 -0.5       
  -0.5       
  -0.5       
  -0.5       
  -0.5       
  -0.5       
  -0.5       
  -0.5       
   0.06862745
   0.49215686
  -0.11568628
  -0.5       
  -0.25294119
   0.5       
   0.49215686
   0.49215686
   0.24901961
  -0.5       
  -0.5       
  -0.5       
  -0.5       
  -0.5       
  -0.5       
  -0.5       
  -0.5       
  -0.5       
  -0.5       
  -0.5       
 -0.5       
  -0.5       
  -0.5       
  -0.5       
  -0.5       
  -0.5       
  -0.5       
  -0.5       
   0.06470589
   0.48823529
   0.44901961
   0.0254902 
   0.42941177
   0.49215686
   0.48823529
   0.20196079
  -0.44117647
  -0.5       
  -0.5       
  -0.5       
  -0.5       
  -0.5       
  -0.5       
  -0.5       
  -0.5       
  -0.5       
  -0.5       
  -0.5       
 -0.5       
  -0.5       
  -0.5       
  -0.5       
  -0.5       
  -0.5       
  -0.5       
  -0.5       
  -0.00980392
   0.48823529
   0.48823529
   0.48823529
   0.48823529
   0.3509804 
  -0.14313726
  -0.42156863
  -0.5       
  -0.5       
  -0.5       
  -0.5       
  -0.5       
  -0.5       
  -0.5       
  -0.5       
  -0.5       
  -0.5       
  -0.5       
  -0.5       
 -0.5       
  -0.5       
  -0.5       
  -0.5       
  -0.5       
  -0.5       
  -0.5       
  -0.5       
  -0.49607843
  -0.07647059
   0.40980393
   0.48823529
   0.15882353
  -0.5       
  -0.5       
  -0.5       
  -0.5       
  -0.5       
  -0.5       
  -0.5       
  -0.5       
  -0.5       
  -0.5       
  -0.5       
  -0.5       
  -0.5       
  -0.5       
  -0.5       
 -0.5       
  -0.5       
  -0.5       
  -0.5       
  -0.5       
  -0.5       
  -0.5       
  -0.5       
  -0.5       
  -0.5       
  -0.5       
  -0.5       
  -0.5       
  -0.5       
  -0.5       
  -0.5       
  -0.5       
  -0.5       
  -0.5       
  -0.5       
  -0.5       
  -0.5       
  -0.5       
  -0.5       
  -0.5       
  -0.5       
  -0.5       
  -0.5       
 -0.5       
  -0.5       
  -0.5       
  -0.5       
  -0.5       
  -0.5       
  -0.5       
  -0.5       
  -0.5       
  -0.5       
  -0.5       
  -0.5       
  -0.5       
  -0.5       
  -0.5       
  -0.5       
  -0.5       
  -0.5       
  -0.5       
  -0.5       
  -0.5       
  -0.5       
  -0.5       
  -0.5       
  -0.5       
  -0.5       
  -0.5       
  -0.5       
 -0.5       
  -0.5       
  -0.5       
  -0.5       
  -0.5       
  -0.5       
  -0.5       
  -0.5       
  -0.5       
  -0.5       
  -0.5       
  -0.5       
  -0.5       
  -0.5       
  -0.5       
  -0.5       
  -0.5       
  -0.5       
  -0.5       
  -0.5       
  -0.5       
  -0.5       
  -0.5       
  -0.5       
  -0.5       
  -0.5       
  -0.5       
  -0.5       
