-0.5       
  -0.5       
  -0.5       
  -0.5       
  -0.5       
  -0.5       
  -0.5       
  -0.5       
  -0.5       
  -0.5       
  -0.5       
  -0.5       
  -0.5       
  -0.5       
  -0.5       
  -0.5       
  -0.5       
  -0.5       
  -0.5       
  -0.5       
  -0.5       
  -0.5       
  -0.5       
  -0.5       
  -0.5       
  -0.5       
  -0.5       
  -0.5       
 -0.5       
  -0.5       
  -0.5       
  -0.5       
  -0.5       
  -0.5       
  -0.5       
  -0.5       
  -0.5       
  -0.5       
  -0.5       
  -0.5       
  -0.5       
  -0.5       
  -0.5       
  -0.5       
  -0.5       
  -0.5       
  -0.5       
  -0.5       
  -0.5       
  -0.5       
  -0.5       
  -0.5       
  -0.5       
  -0.5       
  -0.5       
  -0.5       
 -0.5       
  -0.5       
  -0.5       
  -0.5       
  -0.5       
  -0.5       
  -0.5       
  -0.5       
  -0.5       
  -0.5       
  -0.5       
  -0.5       
  -0.5       
  -0.5       
  -0.5       
  -0.5       
  -0.5       
  -0.5       
  -0.5       
  -0.5       
  -0.5       
  -0.5       
  -0.5       
  -0.5       
  -0.5       
  -0.5       
  -0.5       
  -0.5       
 -0.5       
  -0.5       
  -0.5       
  -0.5       
  -0.5       
  -0.5       
  -0.5       
  -0.5       
  -0.5       
  -0.5       
  -0.5       
  -0.5       
  -0.5       
  -0.5       
  -0.5       
  -0.5       
  -0.5       
  -0.5       
  -0.5       
  -0.5       
  -0.5       
  -0.5       
  -0.5       
  -0.5       
  -0.5       
  -0.5       
  -0.5       
  -0.5       
 -0.5       
  -0.5       
  -0.5       
  -0.5       
  -0.5       
  -0.5       
  -0.5       
  -0.5       
  -0.5       
  -0.5       
  -0.5       
  -0.5       
  -0.5       
  -0.5       
  -0.5       
  -0.5       
  -0.5       
  -0.5       
  -0.5       
  -0.5       
  -0.5       
  -0.5       
  -0.5       
  -0.5       
  -0.5       
  -0.5       
  -0.5       
  -0.5       
 -0.5       
  -0.5       
  -0.5       
  -0.5       
  -0.5       
  -0.5       
  -0.5       
  -0.5       
  -0.5       
  -0.47254902
   0.13137256
  -0.11568628
  -0.5       
  -0.5       
  -0.5       
  -0.5       
  -0.5       
  -0.5       
  -0.5       
  -0.5       
  -0.5       
  -0.5       
  -0.5       
  -0.5       
  -0.5       
  -0.5       
  -0.5       
  -0.5       
 -0.5       
  -0.5       
  -0.5       
  -0.5       
  -0.5       
  -0.5       
  -0.5       
  -0.5       
  -0.5       
  -0.4254902 
   0.39019608
   0.18627451
  -0.5       
  -0.5       
  -0.5       
  -0.5       
  -0.5       
  -0.5       
  -0.5       
  -0.5       
  -0.5       
  -0.5       
  -0.5       
  -0.5       
  -0.5       
  -0.5       
  -0.5       
  -0.5       
 -0.5       
  -0.5       
  -0.5       
  -0.5       
  -0.5       
  -0.5       
  -0.5       
  -0.5       
  -0.5       
  -0.37843138
   0.49607843
   0.24117647
  -0.5       
  -0.5       
  -0.5       
  -0.5       
  -0.5       
  -0.5       
  -0.5       
  -0.5       
  -0.5       
  -0.5       
  -0.5       
  -0.5       
  -0.5       
  -0.5       
  -0.5       
  -0.5       
 -0.5       
  -0.5       
  -0.5       
  -0.5       
  -0.5       
  -0.5       
  -0.5       
  -0.5       
  -0.5       
  -0.47254902
   0.28431374
  -0.04901961
  -0.5       
  -0.5       
  -0.5       
  -0.5       
  -0.5       
  -0.5       
  -0.5       
  -0.5       
  -0.5       
  -0.5       
  -0.5       
  -0.5       
  -0.5       
  -0.5       
  -0.5       
  -0.5       
 -0.5       
  -0.5       
  -0.5       
  -0.5       
  -0.5       
  -0.5       
  -0.5       
  -0.5       
  -0.5       
  -0.37843138
   0.49607843
  -0.04901961
  -0.5       
  -0.5       
  -0.5       
  -0.5       
  -0.24901961
  -0.40196079
  -0.5       
  -0.5       
  -0.5       
  -0.5       
  -0.5       
  -0.5       
  -0.5       
  -0.5       
  -0.5       
  -0.5       
 -0.5       
  -0.5       
  -0.5       
  -0.5       
  -0.5       
  -0.5       
  -0.5       
  -0.5       
  -0.5       
  -0.37843138
   0.49607843
  -0.09607843
  -0.5       
  -0.5       
  -0.5       
  -0.5       
   0.34313726
  -0.16666667
  -0.5       
  -0.5       
  -0.5       
  -0.5       
  -0.5       
  -0.5       
  -0.5       
  -0.5       
  -0.5       
  -0.5       
 -0.5       
  -0.5       
  -0.5       
  -0.5       
  -0.5       
  -0.5       
  -0.5       
  -0.5       
  -0.5       
  -0.24901961
   0.49607843
  -0.31176472
  -0.5       
  -0.5       
  -0.5       
  -0.5       
   0.34313726
  -0.0372549 
  -0.5       
  -0.5       
  -0.5       
  -0.5       
  -0.5       
  -0.5       
  -0.5       
  -0.5       
  -0.5       
  -0.5       
 -0.5       
  -0.5       
  -0.5       
  -0.5       
  -0.5       
  -0.5       
  -0.5       
  -0.5       
  -0.5       
  -0.29607844
   0.49607843
   0.03333334
  -0.3392157 
  -0.3392157 
  -0.33137256
   0.04901961
   0.42941177
   0.33137256
  -0.30000001
  -0.5       
  -0.5       
  -0.5       
  -0.5       
  -0.5       
  -0.5       
  -0.5       
  -0.5       
  -0.5       
 -0.5       
  -0.5       
  -0.5       
  -0.5       
  -0.5       
  -0.5       
  -0.5       
  -0.5       
  -0.5       
  -0.13529412
   0.49607843
   0.49607843
   0.49607843
   0.49607843
   0.49607843
   0.49607843
   0.49607843
   0.06862745
  -0.5       
  -0.5       
  -0.5       
  -0.5       
  -0.5       
  -0.5       
  -0.5       
  -0.5       
  -0.5       
  -0.5       
 -0.5       
  -0.5       
  -0.5       
  -0.5       
  -0.5       
  -0.5       
  -0.5       
  -0.5       
  -0.5       
  -0.49607843
  -0.48039216
  -0.2647059 
  -0.0882353 
  -0.16666667
  -0.48039216
  -0.39019608
   0.40588236
  -0.00588235
  -0.5       
  -0.5       
  -0.5       
  -0.5       
  -0.5       
  -0.5       
  -0.5       
  -0.5       
  -0.5       
  -0.5       
 -0.5       
  -0.5       
  -0.5       
  -0.5       
  -0.5       
  -0.5       
  -0.5       
  -0.5       
  -0.5       
  -0.5       
  -0.5       
  -0.5       
  -0.5       
  -0.5       
  -0.5       
  -0.30784315
   0.46862745
  -0.01372549
  -0.5       
  -0.5       
  -0.5       
  -0.5       
  -0.5       
  -0.5       
  -0.5       
  -0.5       
  -0.5       
  -0.5       
 -0.5       
  -0.5       
  -0.5       
  -0.5       
  -0.5       
  -0.5       
  -0.5       
  -0.5       
  -0.5       
  -0.5       
  -0.5       
  -0.5       
  -0.5       
  -0.5       
  -0.5       
  -0.26078433
   0.49607843
  -0.16666667
  -0.5       
  -0.5       
  -0.5       
  -0.5       
  -0.5       
  -0.5       
  -0.5       
  -0.5       
  -0.5       
  -0.5       
 -0.5       
  -0.5       
  -0.5       
  -0.5       
  -0.5       
  -0.5       
  -0.5       
  -0.5       
  -0.5       
  -0.5       
  -0.5       
  -0.5       
  -0.5       
  -0.5       
  -0.5       
  -0.26078433
   0.49607843
  -0.16666667
  -0.5       
  -0.5       
  -0.5       
  -0.5       
  -0.5       
  -0.5       
  -0.5       
  -0.5       
  -0.5       
  -0.5       
 -0.5       
  -0.5       
  -0.5       
  -0.5       
  -0.5       
  -0.5       
  -0.5       
  -0.5       
  -0.5       
  -0.5       
  -0.5       
  -0.5       
  -0.5       
  -0.5       
  -0.5       
  -0.26078433
   0.48039216
  -0.25686276
  -0.5       
  -0.5       
  -0.5       
  -0.5       
  -0.5       
  -0.5       
  -0.5       
  -0.5       
  -0.5       
  -0.5       
 -0.5       
  -0.5       
  -0.5       
  -0.5       
  -0.5       
  -0.5       
  -0.5       
  -0.5       
  -0.5       
  -0.5       
  -0.5       
  -0.5       
  -0.5       
  -0.5       
  -0.5       
  -0.26078433
   0.40196079
  -0.5       
  -0.5       
  -0.5       
  -0.5       
  -0.5       
  -0.5       
  -0.5       
  -0.5       
  -0.5       
  -0.5       
  -0.5       
 -0.5       
  -0.5       
  -0.5       
  -0.5       
  -0.5       
  -0.5       
  -0.5       
  -0.5       
  -0.5       
  -0.5       
  -0.5       
  -0.5       
  -0.5       
  -0.5       
  -0.5       
   0.01372549
   0.32352942
  -0.5       
  -0.5       
  -0.5       
  -0.5       
  -0.5       
  -0.5       
  -0.5       
  -0.5       
  -0.5       
  -0.5       
  -0.5       
 -0.5       
  -0.5       
  -0.5       
  -0.5       
  -0.5       
  -0.5       
  -0.5       
  -0.5       
  -0.5       
  -0.5       
  -0.5       
  -0.5       
  -0.5       
  -0.5       
  -0.5       
   0.12745099
   0.38627452
  -0.5       
  -0.5       
  -0.5       
  -0.5       
  -0.5       
  -0.5       
  -0.5       
  -0.5       
  -0.5       
  -0.5       
  -0.5       
 -0.5       
  -0.5       
  -0.5       
  -0.5       
  -0.5       
  -0.5       
  -0.5       
  -0.5       
  -0.5       
  -0.5       
  -0.5       
  -0.5       
  -0.5       
  -0.5       
  -0.48431373
   0.40588236
   0.04509804
  -0.5       
  -0.5       
  -0.5       
  -0.5       
  -0.5       
  -0.5       
  -0.5       
  -0.5       
  -0.5       
  -0.5       
  -0.5       
 -0.5       
  -0.5       
  -0.5       
  -0.5       
  -0.5       
  -0.5       
  -0.5       
  -0.5       
  -0.5       
  -0.5       
  -0.5       
  -0.5       
  -0.5       
  -0.5       
  -0.47647059
   0.5       
   0.04509804
  -0.5       
  -0.5       
  -0.5       
  -0.5       
  -0.5       
  -0.5       
  -0.5       
  -0.5       
  -0.5       
  -0.5       
  -0.5       
 -0.5       
  -0.5       
  -0.5       
  -0.5       
  -0.5       
  -0.5       
  -0.5       
  -0.5       
  -0.5       
  -0.5       
  -0.5       
  -0.5       
  -0.5       
  -0.5       
  -0.47647059
   0.40588236
  -0.16666667
  -0.5       
  -0.5       
  -0.5       
  -0.5       
  -0.5       
  -0.5       
  -0.5       
  -0.5       
  -0.5       
  -0.5       
  -0.5       
 -0.5       
  -0.5       
  -0.5       
  -0.5       
  -0.5       
  -0.5       
  -0.5       
  -0.5       
  -0.5       
  -0.5       
  -0.5       
  -0.5       
  -0.5       
  -0.5       
  -0.5       
  -0.5       
  -0.5       
  -0.5       
  -0.5       
  -0.5       
  -0.5       
  -0.5       
  -0.5       
  -0.5       
  -0.5       
  -0.5       
  -0.5       
  -0.5       
 -0.5       
  -0.5       
  -0.5       
  -0.5       
  -0.5       
  -0.5       
  -0.5       
  -0.5       
  -0.5       
  -0.5       
  -0.5       
  -0.5       
  -0.5       
  -0.5       
  -0.5       
  -0.5       
  -0.5       
  -0.5       
  -0.5       
  -0.5       
  -0.5       
  -0.5       
  -0.5       
  -0.5       
  -0.5       
  -0.5       
  -0.5       
  -0.5       
 -0.5       
  -0.5       
  -0.5       
  -0.5       
  -0.5       
  -0.5       
  -0.5       
  -0.5       
  -0.5       
  -0.5       
  -0.5       
  -0.5       
  -0.5       
  -0.5       
  -0.5       
  -0.5       
  -0.5       
  -0.5       
  -0.5       
  -0.5       
  -0.5       
  -0.5       
  -0.5       
  -0.5       
  -0.5       
  -0.5       
  -0.5       
  -0.5       
