-0.5       
  -0.5       
  -0.5       
  -0.5       
  -0.5       
  -0.5       
  -0.5       
  -0.5       
  -0.5       
  -0.5       
  -0.5       
  -0.5       
  -0.5       
  -0.5       
  -0.5       
  -0.5       
  -0.5       
  -0.5       
  -0.5       
  -0.5       
  -0.5       
  -0.5       
  -0.5       
  -0.5       
  -0.5       
  -0.5       
  -0.5       
  -0.5       
 -0.5       
  -0.5       
  -0.5       
  -0.5       
  -0.5       
  -0.5       
  -0.5       
  -0.5       
  -0.5       
  -0.5       
  -0.5       
  -0.5       
  -0.5       
  -0.5       
  -0.5       
  -0.5       
  -0.5       
  -0.5       
  -0.5       
  -0.5       
  -0.5       
  -0.5       
  -0.5       
  -0.5       
  -0.5       
  -0.5       
  -0.5       
  -0.5       
 -0.5       
  -0.5       
  -0.5       
  -0.5       
  -0.5       
  -0.5       
  -0.5       
   0.19411765
   0.49215686
   0.02941176
  -0.5       
  -0.5       
  -0.5       
  -0.5       
  -0.5       
  -0.5       
  -0.5       
  -0.5       
  -0.5       
  -0.5       
  -0.5       
  -0.5       
  -0.5       
  -0.5       
  -0.5       
  -0.5       
  -0.5       
  -0.5       
 -0.5       
  -0.5       
  -0.5       
  -0.5       
  -0.5       
  -0.5       
  -0.5       
   0.19019608
   0.48823529
   0.40196079
  -0.5       
  -0.5       
  -0.5       
  -0.5       
  -0.5       
  -0.5       
  -0.5       
  -0.5       
  -0.5       
  -0.5       
  -0.5       
  -0.5       
  -0.5       
  -0.5       
  -0.5       
  -0.5       
  -0.5       
  -0.5       
 -0.5       
  -0.5       
  -0.5       
  -0.5       
  -0.5       
  -0.5       
  -0.5       
   0.19019608
   0.48823529
   0.40196079
  -0.5       
  -0.5       
  -0.5       
  -0.5       
  -0.5       
  -0.5       
  -0.5       
  -0.5       
  -0.5       
  -0.5       
  -0.5       
  -0.5       
  -0.5       
  -0.5       
  -0.5       
  -0.5       
  -0.5       
  -0.5       
 -0.5       
  -0.5       
  -0.5       
  -0.5       
  -0.5       
  -0.5       
  -0.44117647
   0.31960785
   0.48823529
   0.21372549
  -0.5       
  -0.5       
  -0.5       
  -0.5       
  -0.5       
  -0.5       
  -0.5       
  -0.5       
  -0.5       
  -0.5       
  -0.5       
  -0.5       
  -0.5       
  -0.5       
  -0.5       
  -0.5       
  -0.5       
  -0.5       
 -0.5       
  -0.5       
  -0.5       
  -0.5       
  -0.5       
  -0.5       
  -0.5       
   0.19019608
   0.48823529
   0.40196079
  -0.5       
  -0.5       
  -0.5       
  -0.5       
  -0.5       
  -0.5       
  -0.5       
  -0.5       
  -0.5       
  -0.5       
  -0.5       
  -0.5       
  -0.5       
  -0.5       
  -0.5       
  -0.5       
  -0.5       
  -0.5       
 -0.5       
  -0.5       
  -0.5       
  -0.5       
  -0.5       
  -0.5       
  -0.39411765
   0.4254902 
   0.48823529
   0.40196079
  -0.5       
  -0.5       
  -0.5       
  -0.5       
  -0.5       
  -0.5       
  -0.5       
  -0.5       
  -0.5       
  -0.5       
  -0.5       
  -0.5       
  -0.5       
  -0.5       
  -0.5       
  -0.5       
  -0.5       
  -0.5       
 -0.5       
  -0.5       
  -0.5       
  -0.5       
  -0.5       
  -0.5       
  -0.3509804 
   0.48823529
   0.48823529
   0.19411765
  -0.5       
  -0.5       
  -0.5       
  -0.5       
  -0.5       
  -0.5       
  -0.5       
  -0.5       
  -0.5       
  -0.5       
  -0.5       
  -0.5       
  -0.5       
  -0.5       
  -0.5       
  -0.5       
  -0.5       
  -0.5       
 -0.5       
  -0.5       
  -0.5       
  -0.5       
  -0.5       
  -0.5       
   0.06078431
   0.48823529
   0.48823529
  -0.0254902 
  -0.5       
  -0.5       
  -0.5       
  -0.5       
  -0.5       
  -0.5       
  -0.47647059
  -0.32352942
   0.02941176
   0.10392157
   0.10392157
  -0.23333333
  -0.48431373
  -0.5       
  -0.5       
  -0.5       
  -0.5       
  -0.5       
 -0.5       
  -0.5       
  -0.5       
  -0.5       
  -0.5       
  -0.5       
   0.06078431
   0.48823529
   0.48823529
  -0.15882353
  -0.5       
  -0.5       
  -0.5       
  -0.5       
  -0.5       
  -0.5       
  -0.2372549 
   0.48823529
   0.48823529
   0.48823529
   0.48823529
   0.48823529
   0.25686276
  -0.21372549
  -0.5       
  -0.5       
  -0.5       
  -0.5       
 -0.5       
  -0.5       
  -0.5       
  -0.5       
  -0.5       
  -0.5       
   0.06078431
   0.48823529
   0.48823529
  -0.46078432
  -0.5       
  -0.5       
  -0.5       
  -0.5       
  -0.5       
  -0.30784315
   0.43725491
   0.48823529
   0.48823529
   0.48823529
   0.48823529
   0.48823529
   0.48823529
   0.33529413
  -0.38627452
  -0.5       
  -0.5       
  -0.5       
 -0.5       
  -0.5       
  -0.5       
  -0.5       
  -0.5       
  -0.5       
   0.06470589
   0.49215686
   0.49215686
  -0.46078432
  -0.5       
  -0.5       
  -0.5       
  -0.5       
  -0.5       
   0.17843138
   0.5       
   0.49215686
   0.21764706
  -0.48039216
  -0.40196079
   0.31568629
   0.49215686
   0.49215686
   0.19019608
  -0.5       
  -0.5       
  -0.5       
 -0.5       
  -0.5       
  -0.5       
  -0.5       
  -0.5       
  -0.5       
   0.06078431
   0.48823529
   0.48823529
  -0.46078432
  -0.5       
  -0.5       
  -0.5       
  -0.5       
  -0.28823531
   0.45294118
   0.49215686
   0.42156863
  -0.37450981
  -0.5       
  -0.5       
  -0.39411765
   0.43333334
   0.48823529
   0.2647059 
  -0.46470588
  -0.5       
  -0.5       
 -0.5       
  -0.5       
  -0.5       
  -0.5       
  -0.5       
  -0.5       
   0.06078431
   0.48823529
   0.48823529
  -0.1       
  -0.5       
  -0.5       
  -0.5       
  -0.5       
  -0.0254902 
   0.48823529
   0.49215686
   0.06078431
  -0.5       
  -0.5       
  -0.5       
  -0.5       
   0.04901961
   0.48823529
   0.48823529
  -0.37058824
  -0.5       
  -0.5       
 -0.5       
  -0.5       
  -0.5       
  -0.5       
  -0.5       
  -0.5       
   0.06078431
   0.48823529
   0.48823529
   0.19803922
  -0.5       
  -0.5       
  -0.5       
  -0.5       
   0.23333333
   0.48823529
   0.49215686
  -0.19803922
  -0.5       
  -0.5       
  -0.5       
  -0.5       
  -0.02156863
   0.48823529
   0.48823529
  -0.37058824
  -0.5       
  -0.5       
 -0.5       
  -0.5       
  -0.5       
  -0.5       
  -0.5       
  -0.5       
  -0.21764706
   0.48823529
   0.48823529
   0.42156863
  -0.42156863
  -0.5       
  -0.5       
  -0.5       
   0.23333333
   0.48823529
   0.49215686
  -0.19803922
  -0.5       
  -0.5       
  -0.5       
  -0.5       
   0.06862745
   0.48823529
   0.29215688
  -0.45294118
  -0.5       
  -0.5       
 -0.5       
  -0.5       
  -0.5       
  -0.5       
  -0.5       
  -0.5       
  -0.4137255 
   0.38627452
   0.48823529
   0.48823529
  -0.15490197
  -0.5       
  -0.5       
  -0.5       
   0.23333333
   0.48823529
   0.49215686
  -0.19803922
  -0.5       
  -0.5       
  -0.42156863
  -0.00196078
   0.47254902
   0.48823529
   0.03333334
  -0.5       
  -0.5       
  -0.5       
 -0.5       
  -0.5       
  -0.5       
  -0.5       
  -0.5       
  -0.5       
  -0.5       
  -0.01372549
   0.48823529
   0.48823529
   0.3392157 
  -0.17450981
  -0.45686275
  -0.5       
  -0.17058824
   0.48431373
   0.49215686
  -0.17058824
  -0.28431374
   0.20196079
   0.4254902 
   0.48823529
   0.48823529
   0.10392157
  -0.47647059
  -0.5       
  -0.5       
  -0.5       
 -0.5       
  -0.5       
  -0.5       
  -0.5       
  -0.5       
  -0.5       
  -0.5       
  -0.28431374
   0.46078432
   0.48823529
   0.48823529
   0.48823529
   0.47254902
   0.10392157
   0.10392157
   0.44117647
   0.49215686
   0.48823529
   0.48823529
   0.48823529
   0.48823529
   0.35490197
  -0.09215686
  -0.5       
  -0.5       
  -0.5       
  -0.5       
  -0.5       
 -0.5       
  -0.5       
  -0.5       
  -0.5       
  -0.5       
  -0.5       
  -0.5       
  -0.5       
  -0.28431374
   0.19411765
   0.48823529
   0.48823529
   0.48823529
   0.48823529
   0.48823529
   0.48823529
   0.49215686
   0.48823529
   0.48823529
   0.33137256
   0.09215686
  -0.44509804
  -0.5       
  -0.5       
  -0.5       
  -0.5       
  -0.5       
  -0.5       
 -0.5       
  -0.5       
  -0.5       
  -0.5       
  -0.5       
  -0.5       
  -0.5       
  -0.5       
  -0.5       
  -0.48823529
  -0.0882353 
   0.05686275
   0.2647059 
   0.48823529
   0.48823529
   0.48823529
   0.43725491
   0.05686275
   0.05686275
  -0.42156863
  -0.5       
  -0.5       
  -0.5       
  -0.5       
  -0.5       
  -0.5       
  -0.5       
  -0.5       
 -0.5       
  -0.5       
  -0.5       
  -0.5       
  -0.5       
  -0.5       
  -0.5       
  -0.5       
  -0.5       
  -0.5       
  -0.5       
  -0.5       
  -0.5       
  -0.5       
  -0.5       
  -0.5       
  -0.5       
  -0.5       
  -0.5       
  -0.5       
  -0.5       
  -0.5       
  -0.5       
  -0.5       
  -0.5       
  -0.5       
  -0.5       
  -0.5       
 -0.5       
  -0.5       
  -0.5       
  -0.5       
  -0.5       
  -0.5       
  -0.5       
  -0.5       
  -0.5       
  -0.5       
  -0.5       
  -0.5       
  -0.5       
  -0.5       
  -0.5       
  -0.5       
  -0.5       
  -0.5       
  -0.5       
  -0.5       
  -0.5       
  -0.5       
  -0.5       
  -0.5       
  -0.5       
  -0.5       
  -0.5       
  -0.5       
 -0.5       
  -0.5       
  -0.5       
  -0.5       
  -0.5       
  -0.5       
  -0.5       
  -0.5       
  -0.5       
  -0.5       
  -0.5       
  -0.5       
  -0.5       
  -0.5       
  -0.5       
  -0.5       
  -0.5       
  -0.5       
  -0.5       
  -0.5       
  -0.5       
  -0.5       
  -0.5       
  -0.5       
  -0.5       
  -0.5       
  -0.5       
  -0.5       
 -0.5       
  -0.5       
  -0.5       
  -0.5       
  -0.5       
  -0.5       
  -0.5       
  -0.5       
  -0.5       
  -0.5       
  -0.5       
  -0.5       
  -0.5       
  -0.5       
  -0.5       
  -0.5       
  -0.5       
  -0.5       
  -0.5       
  -0.5       
  -0.5       
  -0.5       
  -0.5       
  -0.5       
  -0.5       
  -0.5       
  -0.5       
  -0.5       
 -0.5       
  -0.5       
  -0.5       
  -0.5       
  -0.5       
  -0.5       
  -0.5       
  -0.5       
  -0.5       
  -0.5       
  -0.5       
  -0.5       
  -0.5       
  -0.5       
  -0.5       
  -0.5       
  -0.5       
  -0.5       
  -0.5       
  -0.5       
  -0.5       
  -0.5       
  -0.5       
  -0.5       
  -0.5       
  -0.5       
  -0.5       
  -0.5       
 -0.5       
  -0.5       
  -0.5       
  -0.5       
  -0.5       
  -0.5       
  -0.5       
  -0.5       
  -0.5       
  -0.5       
  -0.5       
  -0.5       
  -0.5       
  -0.5       
  -0.5       
  -0.5       
  -0.5       
  -0.5       
  -0.5       
  -0.5       
  -0.5       
  -0.5       
  -0.5       
  -0.5       
  -0.5       
  -0.5       
  -0.5       
  -0.5       
