-0.5       
  -0.5       
  -0.5       
  -0.5       
  -0.5       
  -0.5       
  -0.5       
  -0.5       
  -0.5       
  -0.5       
  -0.5       
  -0.5       
  -0.5       
  -0.5       
  -0.5       
  -0.5       
  -0.5       
  -0.5       
  -0.5       
  -0.5       
  -0.5       
  -0.5       
  -0.5       
  -0.5       
  -0.5       
  -0.5       
  -0.5       
  -0.5       
 -0.5       
  -0.5       
  -0.5       
  -0.5       
  -0.5       
  -0.5       
  -0.5       
  -0.5       
  -0.5       
  -0.5       
  -0.5       
  -0.5       
  -0.5       
  -0.5       
  -0.5       
  -0.5       
  -0.5       
  -0.5       
  -0.5       
  -0.5       
  -0.5       
  -0.5       
  -0.5       
  -0.5       
  -0.5       
  -0.5       
  -0.5       
  -0.5       
 -0.5       
  -0.5       
  -0.5       
  -0.5       
  -0.5       
  -0.5       
  -0.5       
  -0.5       
  -0.5       
  -0.5       
  -0.5       
  -0.5       
  -0.5       
  -0.5       
  -0.5       
  -0.5       
  -0.5       
  -0.5       
  -0.5       
  -0.5       
  -0.5       
  -0.5       
  -0.5       
  -0.5       
  -0.5       
  -0.5       
  -0.5       
  -0.5       
 -0.5       
  -0.5       
  -0.5       
  -0.5       
  -0.5       
  -0.5       
  -0.5       
  -0.5       
  -0.5       
  -0.5       
  -0.5       
  -0.5       
  -0.5       
  -0.5       
  -0.5       
  -0.5       
  -0.5       
  -0.5       
  -0.5       
  -0.5       
  -0.5       
  -0.5       
  -0.5       
  -0.5       
  -0.5       
  -0.5       
  -0.5       
  -0.5       
 -0.5       
  -0.5       
  -0.5       
  -0.5       
  -0.5       
  -0.5       
  -0.5       
  -0.5       
  -0.5       
  -0.5       
  -0.5       
  -0.5       
  -0.5       
  -0.5       
  -0.5       
  -0.5       
  -0.5       
  -0.5       
  -0.5       
  -0.5       
  -0.5       
  -0.5       
  -0.5       
  -0.5       
  -0.5       
  -0.5       
  -0.5       
  -0.5       
 -0.5       
  -0.5       
  -0.5       
  -0.5       
  -0.5       
  -0.5       
  -0.5       
  -0.5       
  -0.5       
  -0.5       
  -0.5       
  -0.5       
  -0.5       
  -0.5       
  -0.5       
  -0.2372549 
   0.45686275
   0.49607843
   0.49607843
   0.42941177
  -0.19019608
  -0.5       
  -0.5       
  -0.5       
  -0.5       
  -0.5       
  -0.5       
  -0.5       
 -0.5       
  -0.5       
  -0.5       
  -0.5       
  -0.5       
  -0.5       
  -0.5       
  -0.5       
  -0.5       
  -0.5       
  -0.5       
  -0.5       
  -0.5       
  -0.5       
  -0.30392158
   0.45686275
   0.49607843
   0.43333334
   0.39019608
   0.49607843
   0.48823529
  -0.2372549 
  -0.5       
  -0.5       
  -0.5       
  -0.5       
  -0.5       
  -0.5       
 -0.5       
  -0.5       
  -0.5       
  -0.5       
  -0.5       
  -0.5       
  -0.5       
  -0.5       
  -0.5       
  -0.5       
  -0.5       
  -0.5       
  -0.5       
  -0.43725491
   0.26078433
   0.49607843
   0.43333334
  -0.28823531
  -0.43333334
   0.44117647
   0.49607843
  -0.20588236
  -0.5       
  -0.5       
  -0.5       
  -0.5       
  -0.5       
  -0.5       
 -0.5       
  -0.5       
  -0.5       
  -0.5       
  -0.5       
  -0.5       
  -0.5       
  -0.5       
  -0.5       
  -0.5       
  -0.5       
  -0.5       
  -0.5       
  -0.01764706
   0.49607843
   0.49607843
  -0.00980392
  -0.5       
  -0.40980393
   0.44509804
   0.49607843
  -0.20588236
  -0.5       
  -0.5       
  -0.5       
  -0.5       
  -0.5       
  -0.5       
 -0.5       
  -0.5       
  -0.5       
  -0.5       
  -0.5       
  -0.5       
  -0.5       
  -0.5       
  -0.5       
  -0.5       
  -0.5       
  -0.5       
  -0.5       
  -0.01764706
   0.49607843
   0.44901961
  -0.40980393
  -0.40980393
   0.32352942
   0.49607843
   0.35490197
  -0.47647059
  -0.5       
  -0.5       
  -0.5       
  -0.5       
  -0.5       
  -0.5       
 -0.5       
  -0.5       
  -0.5       
  -0.5       
  -0.5       
  -0.5       
  -0.5       
  -0.5       
  -0.5       
  -0.5       
  -0.5       
  -0.5       
  -0.5       
   0.11568628
   0.49607843
   0.35490197
  -0.43725491
   0.2254902 
   0.49607843
   0.49607843
  -0.11176471
  -0.5       
  -0.5       
  -0.5       
  -0.5       
  -0.5       
  -0.5       
  -0.5       
 -0.5       
  -0.5       
  -0.5       
  -0.5       
  -0.5       
  -0.5       
  -0.5       
  -0.5       
  -0.5       
  -0.5       
  -0.5       
  -0.5       
  -0.5       
  -0.01764706
   0.49607843
   0.49607843
   0.13921569
   0.49607843
   0.49607843
   0.24117647
  -0.44509804
  -0.5       
  -0.5       
  -0.5       
  -0.5       
  -0.5       
  -0.5       
  -0.5       
 -0.5       
  -0.5       
  -0.5       
  -0.5       
  -0.5       
  -0.5       
  -0.5       
  -0.5       
  -0.5       
  -0.5       
  -0.5       
  -0.5       
  -0.5       
  -0.01764706
   0.49607843
   0.49607843
   0.49607843
   0.49607843
   0.2372549 
  -0.31960785
  -0.5       
  -0.5       
  -0.5       
  -0.5       
  -0.5       
  -0.5       
  -0.5       
  -0.5       
 -0.5       
  -0.5       
  -0.5       
  -0.5       
  -0.5       
  -0.5       
  -0.5       
  -0.5       
  -0.5       
  -0.5       
  -0.5       
  -0.5       
  -0.47254902
   0.31176472
   0.49607843
   0.49607843
   0.49607843
   0.24117647
  -0.44901961
  -0.5       
  -0.5       
  -0.5       
  -0.5       
  -0.5       
  -0.5       
  -0.5       
  -0.5       
  -0.5       
 -0.5       
  -0.5       
  -0.5       
  -0.5       
  -0.5       
  -0.5       
  -0.5       
  -0.5       
  -0.5       
  -0.5       
  -0.5       
  -0.5       
  -0.13921569
   0.49607843
   0.49607843
   0.49607843
   0.10784314
  -0.44117647
  -0.5       
  -0.5       
  -0.5       
  -0.5       
  -0.5       
  -0.5       
  -0.5       
  -0.5       
  -0.5       
  -0.5       
 -0.5       
  -0.5       
  -0.5       
  -0.5       
  -0.5       
  -0.5       
  -0.5       
  -0.5       
  -0.5       
  -0.5       
  -0.5       
  -0.40980393
   0.47254902
   0.49607843
   0.49607843
   0.43333334
  -0.41764706
  -0.5       
  -0.5       
  -0.5       
  -0.5       
  -0.5       
  -0.5       
  -0.5       
  -0.5       
  -0.5       
  -0.5       
  -0.5       
 -0.5       
  -0.5       
  -0.5       
  -0.5       
  -0.5       
  -0.5       
  -0.5       
  -0.5       
  -0.5       
  -0.5       
  -0.40588236
   0.31568629
   0.49607843
   0.49607843
   0.49607843
   0.46862745
  -0.40196079
  -0.5       
  -0.5       
  -0.5       
  -0.5       
  -0.5       
  -0.5       
  -0.5       
  -0.5       
  -0.5       
  -0.5       
  -0.5       
 -0.5       
  -0.5       
  -0.5       
  -0.5       
  -0.5       
  -0.5       
  -0.5       
  -0.5       
  -0.5       
  -0.20196079
   0.37450981
   0.49607843
   0.39019608
   0.28431374
   0.49607843
   0.29607844
  -0.47254902
  -0.5       
  -0.5       
  -0.5       
  -0.5       
  -0.5       
  -0.5       
  -0.5       
  -0.5       
  -0.5       
  -0.5       
  -0.5       
 -0.5       
  -0.5       
  -0.5       
  -0.5       
  -0.5       
  -0.5       
  -0.5       
  -0.5       
  -0.5       
   0.30000001
   0.49607843
   0.49607843
  -0.34313726
  -0.12745099
   0.49607843
   0.31568629
  -0.46470588
  -0.5       
  -0.5       
  -0.5       
  -0.5       
  -0.5       
  -0.5       
  -0.5       
  -0.5       
  -0.5       
  -0.5       
  -0.5       
 -0.5       
  -0.5       
  -0.5       
  -0.5       
  -0.5       
  -0.5       
  -0.5       
  -0.5       
  -0.12745099
   0.46470588
   0.48039216
  -0.07254902
  -0.49607843
  -0.38627452
   0.49607843
   0.35490197
  -0.44901961
  -0.5       
  -0.5       
  -0.5       
  -0.5       
  -0.5       
  -0.5       
  -0.5       
  -0.5       
  -0.5       
  -0.5       
  -0.5       
 -0.5       
  -0.5       
  -0.5       
  -0.5       
  -0.5       
  -0.5       
  -0.5       
  -0.5       
   0.1627451 
   0.49607843
   0.11568628
  -0.5       
  -0.5       
  -0.38627452
   0.49607843
   0.44901961
  -0.40980393
  -0.5       
  -0.5       
  -0.5       
  -0.5       
  -0.5       
  -0.5       
  -0.5       
  -0.5       
  -0.5       
  -0.5       
  -0.5       
 -0.5       
  -0.5       
  -0.5       
  -0.5       
  -0.5       
  -0.5       
  -0.5       
  -0.5       
   0.1627451 
   0.49607843
   0.04901961
  -0.5       
  -0.5       
  -0.38627452
   0.49607843
   0.5       
  -0.39019608
  -0.5       
  -0.5       
  -0.5       
  -0.5       
  -0.5       
  -0.5       
  -0.5       
  -0.5       
  -0.5       
  -0.5       
  -0.5       
 -0.5       
  -0.5       
  -0.5       
  -0.5       
  -0.5       
  -0.5       
  -0.5       
  -0.5       
  -0.11960784
   0.48039216
   0.1509804 
  -0.43333334
  -0.36666667
   0.08039216
   0.49607843
   0.49607843
  -0.39019608
  -0.5       
  -0.5       
  -0.5       
  -0.5       
  -0.5       
  -0.5       
  -0.5       
  -0.5       
  -0.5       
  -0.5       
  -0.5       
 -0.5       
  -0.5       
  -0.5       
  -0.5       
  -0.5       
  -0.5       
  -0.5       
  -0.5       
  -0.5       
   0.18235295
   0.47254902
   0.39411765
   0.43725491
   0.49607843
   0.49607843
   0.23333333
  -0.48431373
  -0.5       
  -0.5       
  -0.5       
  -0.5       
  -0.5       
  -0.5       
  -0.5       
  -0.5       
  -0.5       
  -0.5       
  -0.5       
 -0.5       
  -0.5       
  -0.5       
  -0.5       
  -0.5       
  -0.5       
  -0.5       
  -0.5       
  -0.5       
  -0.5       
  -0.26078433
   0.12352941
   0.20588236
   0.49607843
   0.21764706
  -0.40196079
  -0.5       
  -0.5       
  -0.5       
  -0.5       
  -0.5       
  -0.5       
  -0.5       
  -0.5       
  -0.5       
  -0.5       
  -0.5       
  -0.5       
 -0.5       
  -0.5       
  -0.5       
  -0.5       
  -0.5       
  -0.5       
  -0.5       
  -0.5       
  -0.5       
  -0.5       
  -0.5       
  -0.5       
  -0.5       
  -0.5       
  -0.5       
  -0.5       
  -0.5       
  -0.5       
  -0.5       
  -0.5       
  -0.5       
  -0.5       
  -0.5       
  -0.5       
  -0.5       
  -0.5       
  -0.5       
  -0.5       
 -0.5       
  -0.5       
  -0.5       
  -0.5       
  -0.5       
  -0.5       
  -0.5       
  -0.5       
  -0.5       
  -0.5       
  -0.5       
  -0.5       
  -0.5       
  -0.5       
  -0.5       
  -0.5       
  -0.5       
  -0.5       
  -0.5       
  -0.5       
  -0.5       
  -0.5       
  -0.5       
  -0.5       
  -0.5       
  -0.5       
  -0.5       
  -0.5       
 -0.5       
  -0.5       
  -0.5       
  -0.5       
  -0.5       
  -0.5       
  -0.5       
  -0.5       
  -0.5       
  -0.5       
  -0.5       
  -0.5       
  -0.5       
  -0.5       
  -0.5       
  -0.5       
  -0.5       
  -0.5       
  -0.5       
  -0.5       
  -0.5       
  -0.5       
  -0.5       
  -0.5       
  -0.5       
  -0.5       
  -0.5       
  -0.5       
