-0.5       
  -0.5       
  -0.5       
  -0.5       
  -0.5       
  -0.5       
  -0.5       
  -0.5       
  -0.5       
  -0.5       
  -0.5       
  -0.5       
  -0.5       
  -0.5       
  -0.5       
  -0.5       
  -0.5       
  -0.5       
  -0.5       
  -0.5       
  -0.5       
  -0.5       
  -0.5       
  -0.5       
  -0.5       
  -0.5       
  -0.5       
  -0.5       
 -0.5       
  -0.5       
  -0.5       
  -0.5       
  -0.5       
  -0.5       
  -0.5       
  -0.5       
  -0.5       
  -0.5       
  -0.5       
  -0.5       
  -0.5       
  -0.5       
  -0.5       
  -0.5       
  -0.5       
  -0.5       
  -0.5       
  -0.5       
  -0.5       
  -0.5       
  -0.5       
  -0.5       
  -0.5       
  -0.5       
  -0.5       
  -0.5       
 -0.5       
  -0.5       
  -0.5       
  -0.5       
  -0.5       
  -0.5       
  -0.5       
  -0.5       
  -0.5       
  -0.5       
  -0.5       
  -0.5       
  -0.5       
  -0.5       
  -0.5       
  -0.5       
  -0.5       
  -0.5       
  -0.5       
  -0.5       
  -0.5       
  -0.5       
  -0.5       
  -0.5       
  -0.5       
  -0.5       
  -0.5       
  -0.5       
 -0.5       
  -0.5       
  -0.5       
  -0.5       
  -0.5       
  -0.5       
  -0.5       
  -0.5       
  -0.5       
  -0.5       
  -0.5       
  -0.5       
  -0.5       
  -0.42941177
   0.41764706
   0.34705883
  -0.19411765
  -0.5       
  -0.5       
  -0.5       
  -0.5       
  -0.5       
  -0.5       
  -0.5       
  -0.5       
  -0.5       
  -0.5       
  -0.5       
 -0.5       
  -0.5       
  -0.5       
  -0.5       
  -0.5       
  -0.5       
  -0.5       
  -0.5       
  -0.5       
  -0.5       
  -0.5       
  -0.5       
  -0.5       
   0.14313726
   0.49607843
   0.49607843
   0.46078432
   0.38627452
   0.05686275
  -0.39803922
  -0.5       
  -0.5       
  -0.5       
  -0.5       
  -0.5       
  -0.5       
  -0.5       
  -0.5       
 -0.5       
  -0.5       
  -0.5       
  -0.5       
  -0.5       
  -0.5       
  -0.5       
  -0.5       
  -0.5       
  -0.5       
  -0.5       
  -0.5       
  -0.05686275
   0.49607843
   0.49607843
   0.49607843
   0.49607843
   0.49607843
   0.49607843
   0.42156863
  -0.30000001
  -0.49215686
  -0.5       
  -0.5       
  -0.5       
  -0.5       
  -0.5       
  -0.5       
 -0.5       
  -0.5       
  -0.5       
  -0.5       
  -0.5       
  -0.5       
  -0.5       
  -0.5       
  -0.5       
  -0.5       
  -0.5       
  -0.06470589
   0.40980393
   0.49607843
   0.49607843
   0.37450981
   0.06078431
   0.25294119
   0.49607843
   0.49607843
   0.34705883
  -0.44901961
  -0.5       
  -0.5       
  -0.5       
  -0.5       
  -0.5       
  -0.5       
 -0.5       
  -0.5       
  -0.5       
  -0.5       
  -0.5       
  -0.5       
  -0.5       
  -0.5       
  -0.5       
  -0.5       
  -0.37450981
   0.42941177
   0.49607843
   0.49607843
   0.08039216
  -0.45686275
  -0.5       
  -0.34705883
   0.46078432
   0.49607843
   0.39411765
  -0.41764706
  -0.5       
  -0.5       
  -0.5       
  -0.5       
  -0.5       
  -0.5       
 -0.5       
  -0.5       
  -0.5       
  -0.5       
  -0.5       
  -0.5       
  -0.5       
  -0.5       
  -0.5       
  -0.5       
  -0.29215688
   0.48431373
   0.49607843
  -0.04117647
  -0.48039216
  -0.5       
  -0.5       
  -0.5       
   0.31176472
   0.49607843
   0.49607843
  -0.35490197
  -0.5       
  -0.5       
  -0.5       
  -0.5       
  -0.5       
  -0.5       
 -0.5       
  -0.5       
  -0.5       
  -0.5       
  -0.5       
  -0.5       
  -0.5       
  -0.5       
  -0.5       
  -0.5       
  -0.5       
  -0.20588236
   0.02156863
  -0.5       
  -0.5       
  -0.5       
  -0.5       
  -0.5       
   0.17450981
   0.49607843
   0.49607843
  -0.21764706
  -0.5       
  -0.5       
  -0.5       
  -0.5       
  -0.5       
  -0.5       
 -0.5       
  -0.5       
  -0.5       
  -0.5       
  -0.5       
  -0.5       
  -0.5       
  -0.5       
  -0.5       
  -0.5       
  -0.5       
  -0.5       
  -0.5       
  -0.5       
  -0.5       
  -0.5       
  -0.5       
  -0.38627452
   0.42156863
   0.49607843
   0.36274511
  -0.30000001
  -0.5       
  -0.5       
  -0.5       
  -0.5       
  -0.5       
  -0.5       
 -0.5       
  -0.5       
  -0.5       
  -0.5       
  -0.5       
  -0.5       
  -0.5       
  -0.5       
  -0.5       
  -0.5       
  -0.5       
  -0.5       
  -0.5       
  -0.5       
  -0.5       
  -0.5       
  -0.5       
  -0.09215686
   0.49607843
   0.49607843
  -0.08039216
  -0.5       
  -0.5       
  -0.5       
  -0.5       
  -0.5       
  -0.5       
  -0.5       
 -0.5       
  -0.5       
  -0.5       
  -0.5       
  -0.5       
  -0.5       
  -0.5       
  -0.5       
  -0.5       
  -0.5       
  -0.5       
  -0.5       
  -0.5       
  -0.5       
  -0.5       
  -0.5       
  -0.38627452
   0.31176472
   0.49607843
   0.37058824
  -0.47647059
  -0.5       
  -0.5       
  -0.5       
  -0.5       
  -0.5       
  -0.5       
  -0.5       
 -0.5       
  -0.5       
  -0.5       
  -0.5       
  -0.5       
  -0.5       
  -0.5       
  -0.5       
  -0.5       
  -0.5       
  -0.5       
  -0.5       
  -0.5       
  -0.5       
  -0.5       
  -0.5       
  -0.20196079
   0.5       
   0.49607843
   0.37450981
  -0.47647059
  -0.5       
  -0.5       
  -0.5       
  -0.5       
  -0.5       
  -0.5       
  -0.5       
 -0.5       
  -0.5       
  -0.5       
  -0.5       
  -0.5       
  -0.5       
  -0.5       
  -0.46862745
  -0.3509804 
   0.17058824
   0.38627452
   0.38627452
   0.24901961
  -0.07254902
  -0.48039216
  -0.35490197
   0.41764706
   0.49607843
   0.48431373
  -0.17450981
  -0.49607843
  -0.5       
  -0.5       
  -0.5       
  -0.5       
  -0.5       
  -0.5       
  -0.5       
 -0.5       
  -0.5       
  -0.5       
  -0.5       
  -0.5       
  -0.49607843
  -0.3509804 
   0.29215688
   0.49607843
   0.49607843
   0.49607843
   0.49607843
   0.49607843
   0.49607843
   0.30000001
   0.44509804
   0.49607843
   0.41764706
  -0.09215686
  -0.5       
  -0.5       
  -0.5       
  -0.5       
  -0.5       
  -0.5       
  -0.5       
  -0.5       
  -0.5       
 -0.5       
  -0.5       
  -0.5       
  -0.5       
  -0.5       
  -0.10392157
   0.49607843
   0.49607843
   0.47254902
   0.19803922
   0.06078431
   0.34313726
   0.49607843
   0.49607843
   0.49607843
   0.49607843
   0.49607843
  -0.04509804
  -0.5       
  -0.5       
  -0.5       
  -0.5       
  -0.5       
  -0.5       
  -0.5       
  -0.5       
  -0.5       
  -0.5       
 -0.5       
  -0.5       
  -0.5       
  -0.5       
  -0.4137255 
   0.39803922
   0.49607843
   0.4254902 
  -0.19411765
  -0.5       
  -0.5       
  -0.33137256
   0.39803922
   0.49607843
   0.49607843
   0.49607843
   0.27254903
  -0.40980393
  -0.5       
  -0.5       
  -0.5       
  -0.5       
  -0.5       
  -0.5       
  -0.5       
  -0.5       
  -0.5       
  -0.5       
 -0.5       
  -0.5       
  -0.5       
  -0.5       
  -0.04509804
   0.49607843
   0.36274511
  -0.29215688
  -0.40588236
  -0.4254902 
   0.01372549
   0.40196079
   0.49607843
   0.49607843
   0.49607843
   0.49607843
   0.49607843
   0.10392157
  -0.5       
  -0.5       
  -0.5       
  -0.5       
  -0.5       
  -0.5       
  -0.5       
  -0.5       
  -0.5       
  -0.5       
 -0.5       
  -0.5       
  -0.5       
  -0.5       
   0.01764706
   0.49607843
   0.40588236
   0.20196079
   0.44117647
   0.49607843
   0.49607843
   0.49607843
   0.49607843
   0.06862745
   0.29607844
   0.49607843
   0.49607843
   0.44117647
  -0.24509804
  -0.5       
  -0.5       
  -0.5       
  -0.5       
  -0.5       
  -0.5       
  -0.5       
  -0.5       
  -0.5       
 -0.5       
  -0.5       
  -0.5       
  -0.5       
  -0.23333333
   0.44509804
   0.49607843
   0.49607843
   0.49607843
   0.49607843
   0.36274511
   0.22941177
  -0.37058824
  -0.5       
  -0.4254902 
   0.28039217
   0.49607843
   0.49607843
   0.4254902 
  -0.2764706 
  -0.18627451
  -0.5       
  -0.5       
  -0.5       
  -0.5       
  -0.5       
  -0.5       
  -0.5       
 -0.5       
  -0.5       
  -0.5       
  -0.5       
  -0.5       
  -0.37058824
   0.12352941
   0.31568629
   0.01372549
   0.01372549
  -0.4254902 
  -0.5       
  -0.5       
  -0.5       
  -0.5       
  -0.4254902 
   0.26078433
   0.48823529
   0.49607843
   0.49607843
   0.17450981
  -0.44509804
  -0.5       
  -0.5       
  -0.5       
  -0.5       
  -0.5       
  -0.5       
 -0.5       
  -0.5       
  -0.5       
  -0.5       
  -0.5       
  -0.5       
  -0.5       
  -0.5       
  -0.5       
  -0.5       
  -0.5       
  -0.5       
  -0.5       
  -0.5       
  -0.5       
  -0.5       
  -0.5       
   0.28823531
   0.46862745
   0.12352941
  -0.38235295
  -0.5       
  -0.5       
  -0.5       
  -0.5       
  -0.5       
  -0.5       
  -0.5       
 -0.5       
  -0.5       
  -0.5       
  -0.5       
  -0.5       
  -0.5       
  -0.5       
  -0.5       
  -0.5       
  -0.5       
  -0.5       
  -0.5       
  -0.5       
  -0.5       
  -0.5       
  -0.5       
  -0.5       
  -0.5       
  -0.5       
  -0.5       
  -0.5       
  -0.5       
  -0.5       
  -0.5       
  -0.5       
  -0.5       
  -0.5       
  -0.5       
 -0.5       
  -0.5       
  -0.5       
  -0.5       
  -0.5       
  -0.5       
  -0.5       
  -0.5       
  -0.5       
  -0.5       
  -0.5       
  -0.5       
  -0.5       
  -0.5       
  -0.5       
  -0.5       
  -0.5       
  -0.5       
  -0.5       
  -0.5       
  -0.5       
  -0.5       
  -0.5       
  -0.5       
  -0.5       
  -0.5       
  -0.5       
  -0.5       
 -0.5       
  -0.5       
  -0.5       
  -0.5       
  -0.5       
  -0.5       
  -0.5       
  -0.5       
  -0.5       
  -0.5       
  -0.5       
  -0.5       
  -0.5       
  -0.5       
  -0.5       
  -0.5       
  -0.5       
  -0.5       
  -0.5       
  -0.5       
  -0.5       
  -0.5       
  -0.5       
  -0.5       
  -0.5       
  -0.5       
  -0.5       
  -0.5       
 -0.5       
  -0.5       
  -0.5       
  -0.5       
  -0.5       
  -0.5       
  -0.5       
  -0.5       
  -0.5       
  -0.5       
  -0.5       
  -0.5       
  -0.5       
  -0.5       
  -0.5       
  -0.5       
  -0.5       
  -0.5       
  -0.5       
  -0.5       
  -0.5       
  -0.5       
  -0.5       
  -0.5       
  -0.5       
  -0.5       
  -0.5       
  -0.5       
 -0.5       
  -0.5       
  -0.5       
  -0.5       
  -0.5       
  -0.5       
  -0.5       
  -0.5       
  -0.5       
  -0.5       
  -0.5       
  -0.5       
  -0.5       
  -0.5       
  -0.5       
  -0.5       
  -0.5       
  -0.5       
  -0.5       
  -0.5       
  -0.5       
  -0.5       
  -0.5       
  -0.5       
  -0.5       
  -0.5       
  -0.5       
  -0.5       
